0.8595288
-0.4610051
-1.247736
-0.7609572
-1.001598
1.869102
0.2245598
-0.6514295
-1.695718
0.4341541
1.130767
-0.04165303
-0.728753
-0.1680068
-1.971015
-1.059058
0.4385295
0.3813746
1.674265
0.2532563
-1.236155
0.7532077
0
-0.9912813
-1.608019
-0.4668979
-0.06241808
0.1372684
1.20853
-1.802635
-1.173515
-0.6877694
0.5226271
0.7977755
0.3902321
0.4325076
1.156657
0
-0.3282245
0.7847054
-0.9771863
-0.3860768
-0.3938367
0.3563952
-0.04994381
0.6969537
-0.04341758
-0.4539103
-1.140721
-0.9500356
0.02545177
0.6721222
0.7052926
0.7315047
0.849802
0.6525911
0.465288
-0.8834413
0.1293223
0.2765573
0.495884
0.09766222
0.6506758
0.6645346
-0.2471742
-0.03018503
-0.4114236
-1.121826
-1.981489
0.9708814
0.7466175
-0.01844395
-1.805428
-0.2695673
0.2695673
0.7484598
-1.559352
-1.539177
-0.0641149
0.8366646
-1.576956
-0.1228382
0.2326184
0.4507703
0.6340688
-0.524902
0.2371872
-1.055623
1.042816
-1.366881
-0.6839749
-0.2093831
1.049040
0.9932362
1.452625
0.4543741
0.8589125
0.4422443
-0.2863013
0.01246494
0.1370119
0.01866891
0
0.5646402
0.8379593
0.4285808
1.479712
0.6958636
-0.2993476
0.1737308
0.5729649
0.2674513
-1.086124
0.4071862
-0.5933668
-1.6364
-1.719558
1.217229
-1.959753
0.8543596
0.2356883
-0.858588
1.038082
-0.4400243
-0.4107804
-1.729984
-0.4643036
-1.89207
1.072708
1.435844
-0.3300124
-0.7849685
1.152989
0.845111
-0.2830102
1.301483
-0.5735677
0.8033172
-1.235662
0.9375069
-0.1556421
0.3110422
-1.237438
0.06286541
-0.1006036
-1.081570
0.2921008
0.5753501
-0.1640482
0.8363514
1.164215
1.022239
0.427952
-0.10987
0.4144326
0.249051
0.8698333
-0.3916965
0.259294
-0.3740803
-0.6063197
-0.02432942
-0.9534942
-0.6716604
-0.8132397
0.3670871
0.908788
0.7052432
-1.044300
0.7811819
0.0245053
0.2508337
-1.198650
0.5304071
-0.6603536
-0.2852361
0.1923137
0.6055382
0.7731997
-0.08561644
-0.04283573
-0.2696741
0.4470171
0.0732914
-0.1221822
-0.3367728
0.0980873
1.230148
0.5251891
0.2525558
0
0
0.389607
0.08969415
0.3520185
0
0.1249963
-0.07140732
0.6408377
1.834376
0.6483005
1.078858
0.1824818
0.4604243
0.1076945
1.367225
-0.02235511
-0.6054848
0.02811279
-0.9659728
0.8365885
1.024846
-0.755016
1.830116
-0.1213392
-0.7756272
0.5656939
1.351298
-0.2294205
0.9741309
1.055874
1.705538
0.651126
-1.880867
1.119049
-0.895299
1.005991
1.438347
0.8377337
0.5187613
-1.133449
1.562853
-1.066677
0.3705233
1.326685
0.3642991
-0.04041221
0.2119821
0.7484275
0.2199451
0
-0.2149410
-1.243691
0.7168851
-0.4234518
0.4988798
0.5314095
-0.4309272
0.745432
0.01495178
-0.7804722
1.327166
0.7603848
1.134708
-0.6587157
-0.2401668
0.5334651
-2.280905
-0.2500001
-1.208778
0.7320492
-1.184045
1.264495
-0.1207001
-0.5297825
-0.6852993
-1.35903
-1.017187
-0.4286468
0.6943203
1.399997
0
0
-0.4679273
0.7957125
0.642204
1.667671
-0.7422301
1.771194
0.8126722
0.5820368
0.8740041
0
-0.1645056
1.030937
-0.4130253
2.311967
1.715740
-0.9288136
0.933436
0.7643819
0.4439671
0.1095440
1.007634
-1.836754
-0.9381495
0.6248719
0
-0.6388023
-0.3582149
0.5437953
2.091627
1.137402
-0.3867085
0.7093183
-0.9529019
0.6527291
-0.01346167
1.637922
-0.4025396
-0.3018602
1.771440
0.787457
0.0606507
0.4925054
-1.179136
-1.188793
-0.948841
0.9179462
0.822073
-0.3025456
0.6172724
-0.08732481
-0.2274020
-0.6280352
1.208633
1.327444
1.021355
0.5681111
-0.3599945
0.5964611
0.4586681
0.1971270
0.6848198
0.6512249
1.016031
-0.6034377
-1.159577
-0.4257812
-1.943039
-0.1835764
0.2858913
-0.555462
1.107856
0.9782916
-0.5301258
-0.4058001
-1.133084
-1.141737
0.4151178
-2.441756
-1.573221
0.716143
1.469833
0.4691448
0.1748176
0.2311636
-1.571931
-1.552078
-1.230117
-0.5658498
0.9382897
0.8711604
1.032804
0.06225266
-0.1690617
0.1735069
0
1.021568
-1.030458
0.8234507
0.2993619
0.3773258
-0.3729301
-1.144992
0.1821292
0.3544218
0.4676823
-0.1938668
0.5453919
1.077601
1.027465
0.2445146
0.09849475
0.6740065
-1.659024
1.254312
1.078429
0.01266812
-0.09716326
0.3291281
0.3532384
0.1593893
-0.765707
-0.3384384
0.6631072
-0.3795871
-1.190237
0.4990733
-1.168403
-0.9081536
-5.574115
-5.90326
-13.02860
7.596966
-5.858175
-2.094664
-6.388514
1.133625
-2.671426
1.413028
3.951793
-1.502835
-4.133701
-2.808278
1.891091
-1.104441
-3.490624
0.5288826
4.096688
3.782844
-1.431638
0.380613
-1.470966
0.2166196
-1.489673
-0.3483579
1.476737
1.876474
-1.491141
-0.2045237
-0.5494685
-4.438296
-0.08865249
0.7447649
-0.1195457
-0.353179
0.9807698
1.613539
0.9130805
-1.209012
1.956531
0.06052903
1.047382
1.178655
0.9658497
0.6309906
1.915149
-0.1601098
1.364123